TF_files,TF_Name,n_peaks,r2,r2_std,elapsed_time,Ensembl_Gene_ID,DBD_family
PBM_CISBP_M00111_2.00_Badis09_Tcfap2a_2337.3=v1_TFAP2D.txt,TFAP2D,41908,0.224312422,0.017341875,75.7105723,ENSG00000008197,AP-2
PBM_QBiC_Homo_sapiens_NA_Unpublished_TFAP2A.txt,TFAP2A,42836,0.203765365,0.015359089,44.1971722,ENSG00000137203,AP-2
PBM_CISBP_M00115_2.00_Badis09_Arid3a_3875.1=v1_ARID3C.txt,ARID3C,41927,0.585986673,0.00861596,64.0554632,ENSG00000205143,ARID/BRIGHT
PBM_CISBP_M00116_2.00_Badis09_Arid5a_3770.2=v1_ARID5A.txt,ARID5A,41731,0.414692589,0.015685866,53.4686794,ENSG00000196843,ARID/BRIGHT
PBM_CISBP_M01659_2.00_Zoo_01_1138_ARID3B.txt,ARID3B,40526,0.482824559,0.012519197,50.6909808,ENSG00000179361,ARID/BRIGHT
PBM_UniPROBE_MAR16_combinatorial_pTH5045_1_ARID5B.txt,ARID5B,38839,0.340979888,0.007400414,47.5205276,ENSG00000150347,ARID/BRIGHT
ChIPseq_ENCFF492BXK_HepG2_cell line_ARID4B.txt,ARID4B,52069,0.131195514,0.012414435,48.8657096,ENSG00000054267,ARID/BRIGHT
ChIPseq_ENCFF258MNE_HepG2_cell line_ARID4A.txt,ARID4A,44802,0.183246518,0.008574842,43.0164491,ENSG00000032219,ARID/BRIGHT
ChIPseq_ENCFF879NTL_K562_cell line_ARID1B.txt,ARID1B,53250,0.135825685,0.011146249,64.2943569,ENSG00000049618,ARID/BRIGHT
PBM_UniPROBE_MAR16_combinatorial_AHCTF1.txt,AHCTF1,40543,0.541764974,0.018034092,34.1051644,ENSG00000153207,AT hook
PBM_UniPROBE_MAR16_combinatorial_SETBP1.txt,SETBP1,41529,0.336973104,0.020313245,45.8510143,ENSG00000152217,AT hook
ChIPseq_ENCFF048HNT_HepG2_cell line_AHDC1.txt,AHDC1,26857,0.105173438,0.013464685,25.1509044,ENSG00000126705,AT hook
ChIPseq_ENCFF614IHQ_WTC11_cell line_HMGA2.txt,HMGA2,30003,0.238292604,0.023251745,25.5388607,ENSG00000149948,AT hook
PBM_QBiC_Homo_sapiens_NA_Shen2018_MAX.txt,MAX,42335,0.615921738,0.010064531,54.3193114,ENSG00000125952,bHLH
PBM_CISBP_M01113_2.00_TF_Evolution_11949_SOHLH2.txt,SOHLH2,40330,0.415365733,0.063819392,53.5796592,ENSG00000120669,bHLH
PBM_CISBP_M01718_2.00_Zoo_01_127_TWIST2.txt,TWIST2,40526,0.450141649,0.026556351,50.6208422,ENSG00000233608,bHLH
PBM_CISBP_M01722_2.00_Zoo_01_263_HEYL.txt,HEYL,40526,0.527483801,0.02152359,54.2643408,ENSG00000163909,bHLH
PBM_CISBP_M01726_2.00_Zoo_01_1368_HES4.txt,HES4,40330,0.458782721,0.02186179,49.4072951,ENSG00000188290,bHLH
PBM_CISBP_M01743_2.00_Zoo_01_1283_MLXIP.txt,MLXIP,40330,0.461259248,0.015764775,48.1695136,ENSG00000175727,bHLH
PBM_QBiC_Homo_sapiens_NA_Unpublished_MITF.txt,MITF,42335,0.395806774,0.025480564,58.1155377,ENSG00000187098,bHLH
PBM_QBiC_Homo_sapiens_NA_Unpublished_TCF3.txt,TCF3,42350,0.641891552,0.020129583,53.4958046,ENSG00000071564,bHLH
PBM_UniPROBE_LAI20A_combinatorial_1B8_USF1.txt,USF1,41874,0.553807097,0.01534112,49.1323167,ENSG00000158773,bHLH
PBM_UniPROBE_MAR16_combinatorial_MLX.txt,MLX,41853,0.669076404,0.014043869,40.127564,ENSG00000108788,bHLH
PBM_UniPROBE_MAR16_combinatorial_SREBF1.txt,SREBF1,41154,0.296017407,0.014096496,37.586017,ENSG00000072310,bHLH
ChIPseq_ENCFF445XYV_GM12878_cell line_BHLHE40.txt,BHLHE40,49176,0.154057207,0.014616783,62.0136371,ENSG00000134107,bHLH
ChIPseq_ENCFF064KLD_SK-N-SH_cell line_MXI1.txt,MXI1,38602,0.167138567,0.006175277,36.5117906,ENSG00000119950,bHLH
ChIPseq_ENCFF071DRB_WTC11_cell line_USF2.txt,USF2,18603,0.333320334,0.019075768,28.5265362,ENSG00000105698,bHLH
ChIPseq_ENCFF608CXN_K562_cell line_MYC.txt,MYC,31378,0.145082242,0.016432812,29.2057245,ENSG00000136997,bHLH
ChIPseq_ENCFF257JVF_HepG2_cell line_MNT.txt,MNT,33362,0.205952671,0.012052515,30.708483,ENSG00000070444,bHLH
ChIPseq_ENCFF592NJN_K562_cell line_TFE3.txt,TFE3,22684,0.293883456,0.025349723,23.6012434,ENSG00000068323,bHLH
ChIPseq_ENCFF696OTJ_HepG2_cell line_TFAP4.txt,TFAP4,29274,0.172168519,0.009879708,31.2229376,ENSG00000090447,bHLH
PBM_QBiC_Homo_sapiens_NA_Shen2018_MXD1-MAX.txt,MXD1-MAX,42350,0.644285388,0.011049107,52.64473,ENSG00000059728,bHLH
PBM_QBiC_Homo_sapiens_NA_Shen2018_MYC-MAX.txt,MYC-MAX,42157,0.741437701,0.013807017,47.1251231,Unknown,bHLH
PBM_CISBP_M01131_2.00_TF_Evolution_8111_POGK.txt,POGK,40330,0.329459218,0.012803262,50.0754144,ENSG00000143157,Brinker
PBM_UniPROBE_LAI20A_combinatorial_anti-GST_NRF1.txt,NRF1,41936,0.687717269,0.010341232,39.393671,ENSG00000106459,bZIP
PBM_CISBP_M01812_2.00_Zoo_01_1186_CREB3L2.txt,CREB3L2,40330,0.384159711,0.014789351,49.2394434,ENSG00000182158,bZIP
PBM_CISBP_M01813_2.00_Zoo_01_442_CREBZF.txt,CREBZF,40526,0.46928361,0.010503954,47.6854042,ENSG00000137504,bZIP
PBM_UniPROBE_MAR16_combinatorial_CEBPB.txt,CEBPB,41119,0.306171492,0.01360435,44.4405427,ENSG00000172216,bZIP
PBM_UniPROBE_MAR16_combinatorial_TEF.txt,TEF,41919,0.395377538,0.012614969,39.419695,ENSG00000167074,bZIP
PBM_UniPROBE_MAR16_combinatorial_ATF3.txt,ATF3,41489,0.24401673,0.034069278,39.3520509,ENSG00000162772,bZIP
PBM_UniPROBE_MAR16_combinatorial_CEBPA.txt,CEBPA,41937,0.303732747,0.016693445,38.8463788,ENSG00000245848,bZIP
PBM_UniPROBE_MAR16_combinatorial_DBP.txt,DBP,41399,0.33797764,0.017214997,50.0125932,ENSG00000105516,bZIP
PBM_UniPROBE_MAR16_combinatorial_MAFG.txt,MAFG,41931,0.378595957,0.015507098,41.5863927,ENSG00000197063,bZIP
PBM_UniPROBE_MAR16_combinatorial_XBP1.txt,XBP1,41362,0.430118729,0.012553471,36.3474183,ENSG00000100219,bZIP
ChIPseq_ENCFF256NXT_K562_cell line_FOSL1.txt,FOSL1,59731,0.203840525,0.012446108,65.4025035,ENSG00000175592,bZIP
ChIPseq_ENCFF280WZN_HeLa-S3_cell line_MAFF.txt,MAFF,25548,0.143260583,0.021509403,25.1532375,ENSG00000185022,bZIP
ChIPseq_ENCFF324ELP_K562_cell line_CREM.txt,CREM,38537,0.237170296,0.011262505,36.0960153,ENSG00000095794,bZIP
ChIPseq_ENCFF023IFO_K562_cell line_NFE2.txt,NFE2,40535,0.204818358,0.009308819,48.7432168,ENSG00000123405,bZIP
ChIPseq_ENCFF678TXX_K562_cell line_BACH1.txt,BACH1,15755,0.132849049,0.025154625,17.4166028,ENSG00000156273,bZIP
ChIPseq_ENCFF314KET_HepG2_cell line_CREB1.txt,CREB1,38758,0.426854841,0.02068941,36.7530394,ENSG00000118260,bZIP
ChIPseq_ENCFF190CGV_K562_cell line_JUN.txt,JUN,21522,0.161790765,0.018956711,19.2890235,ENSG00000177606,bZIP
ChIPseq_ENCFF519GKM_HepG2_cell line_ATF4.txt,ATF4,25503,0.172321339,0.014621919,26.7746833,ENSG00000128272,bZIP
ChIPseq_ENCFF994LMJ_HepG2_cell line_ATF2.txt,ATF2,59468,0.407217168,0.017545537,34.648083,ENSG00000115966,bZIP
ChIPseq_ENCFF439TJM_K562_cell line_MAFK.txt,MAFK,27213,0.182349705,0.013009259,26.3975454,ENSG00000198517,bZIP
ChIPseq_ENCFF664AZO_HeLa-S3_cell line_NFE2L2.txt,NFE2L2,8823,0.219526375,0.023633657,12.0961374,ENSG00000116044,bZIP
ChIPseq_ENCFF273KIA_K562_cell line_JUND.txt,JUND,35379,0.209143095,0.014596289,31.9190747,ENSG00000130522,bZIP
ChIPseq_ENCFF401HSI_HepG2_cell line_FOSL2.txt,FOSL2,30445,0.212996074,0.014460036,28.2927504,ENSG00000075426,bZIP
ChIPseq_ENCFF972ZIV_endothelial cell of umbilical vein_primary cell_FOS.txt,FOS,47046,0.160656141,0.014736625,26.353517,ENSG00000170345,bZIP
ChIPseq_ENCFF683OFC_HepG2_cell line_ATF1.txt,ATF1,13991,0.276603178,0.031775823,15.2573036,ENSG00000123268,bZIP
ChIPseq_ENCFF264GAF_HepG2_cell line_HLF.txt,HLF,67207,0.101606433,0.006215296,59.9885286,ENSG00000108924,bZIP
ChIPseq_ENCFF456USL_K562_cell line_CEBPG.txt,CEBPG,40346,0.177178683,0.009251635,34.3390938,ENSG00000153879,bZIP
ChIPseq_ENCFF489SJO_HepG2_cell line_NFIL3.txt,NFIL3,40157,0.110249573,0.010608379,40.2387704,ENSG00000165030,bZIP
ChIPseq_ENCFF929XBL_HepG2_cell line_CEBPD.txt,CEBPD,19712,0.151219037,0.020246279,23.8100914,ENSG00000221869,bZIP
PBM_CISBP_M00968_2.00_Li2017_MTF2_rep2_MTF2.txt,MTF2,41944,0.243929277,0.012100589,42.2044871,ENSG00000143033,C2H2 ZF
PBM_CISBP_M00130_2.00_Badis09_Plagl1_0972.2=v1_PLAGL1.txt,PLAGL1,41855,0.736565861,0.006637255,62.4727647,ENSG00000118495,C2H2 ZF
PBM_CISBP_M00142_2.00_Badis09_Zfp691_0895.2=v2_ZNF691.txt,ZNF691,41918,0.648950948,0.005863374,65.699611,ENSG00000164011,C2H2 ZF
PBM_CISBP_M00152_2.00_Badis09_Zbtb3_1048.2=v2_ZBTB3.txt,ZBTB3,41885,0.3743201,0.013195314,62.5850679,ENSG00000185670,C2H2 ZF
PBM_CISBP_M00218_2.00_Barrera2016_ZNF200_REF_R1_ZNF200.txt,ZNF200,41941,0.451971401,0.020399156,62.165659,ENSG00000010539,C2H2 ZF
PBM_CISBP_M00222_2.00_Barrera2016_SNAI2_T234I_R1_SNAI2.txt,SNAI2,41944,0.695463252,0.008257841,55.9097821,ENSG00000019549,C2H2 ZF
PBM_CISBP_M00223_2.00_Barrera2016_KLF1_E325K_R1_KLF1.txt,KLF1,41944,0.526301036,0.012976988,48.0502201,ENSG00000105610,C2H2 ZF
PBM_CISBP_M00228_2.00_Barrera2016_BCL6_REF_R1_BCL6.txt,BCL6,41942,0.463341188,0.008248866,60.5390242,ENSG00000113916,C2H2 ZF
PBM_CISBP_M00233_2.00_Barrera2016_EGR2_REF_R1_EGR2.txt,EGR2,41931,0.60043706,0.010711813,45.5704145,ENSG00000122877,C2H2 ZF
PBM_CISBP_M00234_2.00_Barrera2016_OVOL2_D228E_R1_OVOL2.txt,OVOL2,41944,0.693988262,0.009442375,72.7787641,ENSG00000125850,C2H2 ZF
PBM_CISBP_M00238_2.00_Barrera2016_GFI1_REF_R1_GFI1.txt,GFI1,41944,0.622101698,0.008964494,55.1371589,ENSG00000162676,C2H2 ZF
PBM_CISBP_M00240_2.00_Barrera2016_GFI1B_REF_R2_GFI1B.txt,GFI1B,41944,0.574817709,0.010372144,55.5509194,ENSG00000165702,C2H2 ZF
PBM_CISBP_M00242_2.00_Barrera2016_KLF11_REF_R1_KLF11.txt,KLF11,41944,0.488741119,0.014449343,70.6521416,ENSG00000172059,C2H2 ZF
PBM_CISBP_M00244_2.00_Barrera2016_WT1_H373Y_R1_WT1.txt,WT1,41944,0.696053873,0.009440332,66.0272827,ENSG00000184937,C2H2 ZF
PBM_CISBP_M00251_2.00_Barrera2016_ZNF655_REF_R1_ZNF655.txt,ZNF655,41943,0.63883451,0.006432377,73.5944832,ENSG00000197343,C2H2 ZF
PBM_CISBP_M00650_2.00_CEPD_8672_ST18.txt,ST18,40330,0.740267,0.015286933,48.9807566,ENSG00000147488,C2H2 ZF
PBM_CISBP_M00775_2.00_DREAM_contest_1435_ZBTB1.txt,ZBTB1,40330,0.286545196,0.020635204,52.4296762,ENSG00000126804,C2H2 ZF
PBM_CISBP_M00984_2.00_Liu2018_BCL11A_456_rep2_BCL11A.txt,BCL11A,41937,0.750210087,0.006352944,63.5611182,ENSG00000119866,C2H2 ZF
PBM_CISBP_M00987_2.00_Liu2018_BCL11B_456_rep2_BCL11B.txt,BCL11B,41923,0.709926081,0.011510001,56.313282,ENSG00000127152,C2H2 ZF
PBM_CISBP_M01165_2.00_TF_Evolution_11947_ZSCAN29.txt,ZSCAN29,40330,0.38853604,0.015768453,49.0247081,ENSG00000140265,C2H2 ZF
PBM_CISBP_M01171_2.00_TF_Evolution_11924_PLAGL2.txt,PLAGL2,40330,0.167245455,0.023454542,43.913535,ENSG00000126003,C2H2 ZF
PBM_CISBP_M01172_2.00_TF_Evolution_11762_VEZF1.txt,VEZF1,40330,0.32141884,0.036207576,49.9974799,ENSG00000136451,C2H2 ZF
PBM_CISBP_M01173_2.00_TF_Evolution_11738_ZBTB44.txt,ZBTB44,40526,0.156943246,0.019659739,50.8875933,ENSG00000196323,C2H2 ZF
PBM_QBiC_Homo_sapiens_NA_Unpublished_EGR1.txt,EGR1,40699,0.475782459,0.014541819,86.6059583,ENSG00000120738,C2H2 ZF
ChIPseq_ENCFF246QIY_SK-N-SH_cell line_YY1.txt,YY1,22174,0.340250982,0.018549942,22.0176618,ENSG00000100811,C2H2 ZF
PBM_UniPROBE_MAR16_combinatorial_E4F1.txt,E4F1,41410,0.268577518,0.008117594,45.2191164,ENSG00000167967,C2H2 ZF
PBM_UniPROBE_MAR16_combinatorial_KLF12.txt,KLF12,41602,0.464574066,0.013259574,38.193562,ENSG00000118922,C2H2 ZF
PBM_UniPROBE_MAR16_combinatorial_ZSCAN10.txt,ZSCAN10,41775,0.307819181,0.015509169,44.0077365,ENSG00000130182,C2H2 ZF
ChIPseq_ENCFF113SCL_neural crest cell_in vitro differentiated cells_CTCF.txt,CTCF,63244,0.389074745,0.007895869,71.3873874,ENSG00000102974,C2H2 ZF
ChIPseq_ENCFF167NBL_HEK293_cell line_ZBTB26.txt,ZBTB26,36083,0.243039676,0.009772102,57.9528648,ENSG00000171448,C2H2 ZF
ChIPseq_ENCFF596HNP_K562_cell line_ZNF143.txt,ZNF143,7607,0.29774654,0.041807639,18.7805876,ENSG00000166478,C2H2 ZF
ChIPseq_ENCFF854DMH_WTC11_cell line_SP1.txt,SP1,24540,0.187224063,0.024542752,25.1494535,ENSG00000185591,C2H2 ZF
ChIPseq_ENCFF409PJJ_HepG2_cell line_ZNF12.txt,ZNF12,18500,0.118508206,0.021227374,18.8401091,ENSG00000164631,C2H2 ZF
ChIPseq_ENCFF024BHX_MCF-7_cell line_OVOL1.txt,OVOL1,22813,0.182780438,0.023957243,25.2365175,ENSG00000172818,C2H2 ZF
ChIPseq_ENCFF034RYJ_HepG2_cell line_ZNF629.txt,ZNF629,31571,0.18276072,0.019872855,31.6082908,ENSG00000102870,C2H2 ZF
ChIPseq_ENCFF526SUL_HL-60_cell line_REST.txt,REST,15673,0.45768877,0.026230212,23.4404329,ENSG00000084093,C2H2 ZF
ChIPseq_ENCFF049VST_SK-N-SH_cell line_ZFP3.txt,ZFP3,16456,0.163860024,0.026909306,19.3746495,ENSG00000180787,C2H2 ZF
ChIPseq_ENCFF060MHX_HepG2_cell line_ZNF865.txt,ZNF865,21340,0.123001818,0.016581745,30.3779004,ENSG00000261221,C2H2 ZF
ChIPseq_ENCFF669VJB_K562_cell line_ZNF639.txt,ZNF639,15628,0.406394687,0.024770791,21.5593278,ENSG00000121864,C2H2 ZF
ChIPseq_ENCFF072JDK_K562_cell line_ZNF507.txt,ZNF507,11278,0.192342363,0.029690056,18.5209073,ENSG00000168813,C2H2 ZF
ChIPseq_ENCFF225FXI_MCF-7_cell line_KLF9.txt,KLF9,19403,0.215845299,0.011248195,21.9925729,ENSG00000119138,C2H2 ZF
ChIPseq_ENCFF991VAW_K562_cell line_ZBTB11.txt,ZBTB11,26923,0.141491486,0.024364836,32.6474879,ENSG00000066422,C2H2 ZF
ChIPseq_ENCFF250FJC_GM12878_cell line_MAZ.txt,MAZ,23760,0.160563409,0.028162565,22.7267266,ENSG00000103495,C2H2 ZF
ChIPseq_ENCFF927JRS_HepG2_cell line_ZNF263.txt,ZNF263,27777,0.134150154,0.014197866,27.9646379,ENSG00000006194,C2H2 ZF
ChIPseq_ENCFF624PTB_K562_cell line_ZBTB40.txt,ZBTB40,31742,0.343929739,0.019712135,45.2242818,ENSG00000184677,C2H2 ZF
ChIPseq_ENCFF458VTX_liver_tissue_ZBTB33.txt,ZBTB33,4955,0.335276887,0.067289548,9.7839516,ENSG00000177485,C2H2 ZF
ChIPseq_ENCFF169AWH_K562_cell line_ZNF134.txt,ZNF134,6640,0.243602781,0.04128711,12.1173079,ENSG00000213762,C2H2 ZF
ChIPseq_ENCFF170GIQ_HepG2_cell line_ZNF652.txt,ZNF652,16060,0.112104638,0.026692141,21.0527326,ENSG00000198740,C2H2 ZF
ChIPseq_ENCFF170VVR_HEK293_cell line_ZNF76.txt,ZNF76,17825,0.125934817,0.020712287,28.5670566,ENSG00000065029,C2H2 ZF
ChIPseq_ENCFF193XBL_HEK293_cell line_ZNF426.txt,ZNF426,8880,0.509961667,0.026200156,15.0855936,ENSG00000130818,C2H2 ZF
ChIPseq_ENCFF206PHI_HEK293_cell line_ZNF654.txt,ZNF654,33215,0.223998726,0.012499166,37.8401044,ENSG00000175105,C2H2 ZF
ChIPseq_ENCFF209DVO_K562_cell line_ZBTB2.txt,ZBTB2,16460,0.242297509,0.021181919,18.3237031,ENSG00000181472,C2H2 ZF
ChIPseq_ENCFF214ZEK_SK-N-SH_cell line_ZNF8.txt,ZNF8,12161,0.253898744,0.018585384,15.1748278,ENSG00000278129,C2H2 ZF
ChIPseq_ENCFF216KLB_HepG2_cell line_ZFP91.txt,ZFP91,42368,0.123690339,0.011633186,38.9204694,ENSG00000186660,C2H2 ZF
ChIPseq_ENCFF483YIX_HepG2_cell line_ZNF24.txt,ZNF24,6415,0.176797055,0.055865809,12.7338354,ENSG00000172466,C2H2 ZF
ChIPseq_ENCFF237SGW_HEK293_cell line_ZNF549.txt,ZNF549,4813,0.174241419,0.069327392,7.3713792,ENSG00000121406,C2H2 ZF
ChIPseq_ENCFF836DHL_HEK293_cell line_ZBTB21.txt,ZBTB21,17960,0.142952824,0.021540087,20.5562613,ENSG00000173276,C2H2 ZF
ChIPseq_ENCFF938KVY_HepG2_cell line_SP4.txt,SP4,23574,0.180050274,0.026303682,21.7164645,ENSG00000105866,C2H2 ZF
ChIPseq_ENCFF261PRO_HEK293_cell line_ZNF610.txt,ZNF610,12637,0.139591443,0.023040904,14.8091289,ENSG00000167554,C2H2 ZF
ChIPseq_ENCFF265MQC_K562_cell line_ZNF324.txt,ZNF324,5666,0.146714687,0.040305482,9.0868097,ENSG00000083812,C2H2 ZF
ChIPseq_ENCFF269NKC_HEK293_cell line_ZNF623.txt,ZNF623,15030,0.419627766,0.023399936,22.3441897,ENSG00000183309,C2H2 ZF
ChIPseq_ENCFF550VES_HepG2_cell line_ZNF574.txt,ZNF574,36353,0.124088703,0.01832636,37.7415012,ENSG00000105732,C2H2 ZF
ChIPseq_ENCFF283UWH_K562_cell line_ZNF148.txt,ZNF148,23554,0.178811607,0.019169622,30.0531531,ENSG00000163848,C2H2 ZF
ChIPseq_ENCFF291LHW_HepG2_cell line_ZFY.txt,ZFY,40738,0.186964816,0.010146794,42.4530509,ENSG00000067646,C2H2 ZF
ChIPseq_ENCFF624JML_HepG2_cell line_ZNF146.txt,ZNF146,26448,0.257147724,0.019278743,24.091432,ENSG00000167635,C2H2 ZF
ChIPseq_ENCFF480YAW_HepG2_cell line_SP2.txt,SP2,11301,0.269469004,0.025501532,20.6601078,ENSG00000167182,C2H2 ZF
ChIPseq_ENCFF959ZKZ_K562_cell line_ZNF707.txt,ZNF707,3191,0.112584601,0.09737388,6.7946729,ENSG00000181135,C2H2 ZF
ChIPseq_ENCFF697RHJ_HEK293_cell line_ZNF10.txt,ZNF10,16329,0.1092493,0.016514375,17.1654384,ENSG00000256223,C2H2 ZF
ChIPseq_ENCFF480WCB_HEK293_cell line_ZBTB8A.txt,ZBTB8A,41360,0.137265211,0.008351114,44.8736886,ENSG00000160062,C2H2 ZF
ChIPseq_ENCFF569TJP_K562_cell line_ZNF239.txt,ZNF239,6413,0.134717845,0.054702173,11.4471644,ENSG00000196793,C2H2 ZF
ChIPseq_ENCFF333YTG_HEK293_cell line_ZNF513.txt,ZNF513,11658,0.297807975,0.022751936,15.7165416,ENSG00000163795,C2H2 ZF
ChIPseq_ENCFF442RYH_K562_cell line_ZNF431.txt,ZNF431,10120,0.244077032,0.026223561,12.8078877,ENSG00000196705,C2H2 ZF
ChIPseq_ENCFF437YMN_HEK293_cell line_ZNF398.txt,ZNF398,27408,0.109410181,0.019488039,38.5518412,ENSG00000197024,C2H2 ZF
ChIPseq_ENCFF830MTX_K562_cell line_ZBTB12.txt,ZBTB12,8720,0.224316849,0.038699203,13.7737396,ENSG00000204366,C2H2 ZF
ChIPseq_ENCFF428ZPS_HepG2_cell line_ZBTB14.txt,ZBTB14,9836,0.158167158,0.048592587,16.2623765,ENSG00000198081,C2H2 ZF
ChIPseq_ENCFF439SWX_A549_cell line_ZNF624.txt,ZNF624,6653,0.180035794,0.066484734,11.7267308,ENSG00000197566,C2H2 ZF
ChIPseq_ENCFF548EZW_HEK293_cell line_ZNF449.txt,ZNF449,17326,0.118525977,0.01890024,21.8086503,ENSG00000173275,C2H2 ZF
ChIPseq_ENCFF451AEQ_K562_cell line_ZNF316.txt,ZNF316,20293,0.141646434,0.016038616,31.852525,ENSG00000205903,C2H2 ZF
ChIPseq_ENCFF453NPX_HEK293_cell line_ZNF596.txt,ZNF596,12511,0.198652075,0.02701427,13.4439636,ENSG00000172748,C2H2 ZF
ChIPseq_ENCFF514IUU_HepG2_cell line_ZNF770.txt,ZNF770,44081,0.13400351,0.007434314,39.6153689,ENSG00000198146,C2H2 ZF
ChIPseq_ENCFF537PTF_HEK293_cell line_ZNF558.txt,ZNF558,12907,0.200232168,0.029679066,16.2562622,ENSG00000167785,C2H2 ZF
ChIPseq_ENCFF551LUE_HEK293_cell line_ZNF394.txt,ZNF394,29148,0.249914107,0.013552537,28.7991698,ENSG00000160908,C2H2 ZF
ChIPseq_ENCFF581GZR_HepG2_cell line_ZNF687.txt,ZNF687,88983,0.129162773,0.005061568,85.968955,ENSG00000143373,C2H2 ZF
ChIPseq_ENCFF651DMY_HEK293_cell line_ZNF34.txt,ZNF34,10143,0.588363507,0.015639165,17.7901412,ENSG00000196378,C2H2 ZF
ChIPseq_ENCFF653DNY_K562_cell line_ZNF317.txt,ZNF317,13299,0.295446812,0.032891553,17.9749437,ENSG00000130803,C2H2 ZF
ChIPseq_ENCFF663PCO_HEK293_cell line_SP3.txt,SP3,29751,0.174944785,0.014691787,33.0165048,ENSG00000172845,C2H2 ZF
ChIPseq_ENCFF716RTC_HEK293_cell line_ZNF518A.txt,ZNF518A,18693,0.310251551,0.026613131,22.7855775,ENSG00000177853,C2H2 ZF
ChIPseq_ENCFF753PSU_HEK293_cell line_PRDM1.txt,PRDM1,46736,0.128859527,0.016598557,38.3333573,ENSG00000057657,C2H2 ZF
ChIPseq_ENCFF731RBX_HepG2_cell line_ZNF329.txt,ZNF329,11010,0.105877916,0.037016544,14.9344642,ENSG00000181894,C2H2 ZF
ChIPseq_ENCFF920PLY_HepG2_cell line_ZNF777.txt,ZNF777,21023,0.106795102,0.010820253,20.0407206,ENSG00000196453,C2H2 ZF
ChIPseq_ENCFF747ZUO_HEK293_cell line_ZNF189.txt,ZNF189,37194,0.107129965,0.010657461,36.1042703,ENSG00000136870,C2H2 ZF
ChIPseq_ENCFF770OVD_HEK293_cell line_ZNF555.txt,ZNF555,6727,0.372610123,0.039012759,11.6148437,ENSG00000186300,C2H2 ZF
ChIPseq_ENCFF818FOD_HEK293_cell line_ZNF585B.txt,ZNF585B,7183,0.390487894,0.015079304,16.4181976,ENSG00000245680,C2H2 ZF
ChIPseq_ENCFF916ITG_HEK293_cell line_SCRT2.txt,SCRT2,64217,0.120589473,0.005251629,62.9225356,ENSG00000215397,C2H2 ZF
ChIPseq_ENCFF935XZI_HEK293_cell line_ZNF680.txt,ZNF680,10322,0.270364273,0.037194476,14.5924297,ENSG00000173041,C2H2 ZF
ChIPseq_ENCFF952OOU_HEK293_cell line_ZSCAN4.txt,ZSCAN4,24567,0.186035366,0.016652106,27.6118679,ENSG00000180532,C2H2 ZF
PBM_UniPROBE_MAR16_combinatorial_ZFP959.txt,ZFP959,41501,0.371549828,0.011191622,41.6112193,Unknown,C2H2 ZF
ChIPseq_ENCFF184IOY_K562_cell line_ZNF512.txt,ZNF512,22842,0.196564566,0.017481214,21.7144798,ENSG00000243943,C2H2 ZF; BED ZF
PBM_CISBP_M01849_2.00_Zoo_01_3410_ZFHX3.txt,ZFHX3,40330,0.442085638,0.035921271,43.1930092,ENSG00000140836,C2H2 ZF; Homeodomain
ChIPseq_ENCFF061ZIT_HepG2_cell line_NFYC.txt,NFYC,15455,0.319771062,0.018130531,23.0563477,ENSG00000066136,CBF/NF-Y
ChIPseq_ENCFF257CCO_HepG2_cell line_NFYB.txt,NFYB,15456,0.288029988,0.023021974,31.131718,ENSG00000120837,CBF/NF-Y
ChIPseq_ENCFF876CUT_GM12878_cell line_CBFB.txt,CBFB,21215,0.101655593,0.015658834,26.7255939,ENSG00000067955,CBF/NF-Y
ChIPseq_ENCFF166QJY_HepG2_cell line_NFYA.txt,NFYA,17610,0.374579172,0.030026298,24.2652851,ENSG00000001167,CBF/NF-Y
PBM_CISBP_M01203_2.00_TF_Evolution_11744_CENPBD1.txt,CENPBD1,40526,0.383169666,0.017668719,52.0020855,ENSG00000177946,CENPB
PBM_CISBP_M01204_2.00_TF_Evolution_11788_TIGD1.txt,TIGD1,40330,0.303945043,0.025050334,47.8254676,ENSG00000221944,CENPB
PBM_CISBP_M01205_2.00_TF_Evolution_12256_TIGD6.txt,TIGD6,40526,0.381029642,0.018061553,57.8349904,ENSG00000164296,CENPB
PBM_CISBP_M01206_2.00_TF_Evolution_12252_TIGD2.txt,TIGD2,40526,0.22261906,0.020206001,48.7003283,ENSG00000180346,CENPB
PBM_CISBP_M00738_2.00_DelBianco2010_GST-NOTCH1_CSL-6His_MAML1_RBPJ.txt,RBPJ,41760,0.611564446,0.014369677,60.7915231,ENSG00000168214,CSL
PBM_CISBP_M01500_2.00_Yin2017b_CUX2_Cytosine_CUX2.txt,CUX2,40330,0.651318197,0.012819134,54.3364724,ENSG00000111249,CUT; Homeodomain
PBM_CISBP_M01501_2.00_Yin2017b_CUX1_5mCG_CUX1.txt,CUX1,40330,0.693847574,0.008833272,54.0066132,ENSG00000257923,CUT; Homeodomain
ChIPseq_ENCFF417HLM_HepG2_cell line_ONECUT2.txt,ONECUT2,10584,0.194366005,0.036259332,14.3593358,ENSG00000119547,CUT; Homeodomain
ChIPseq_ENCFF919ZSN_HepG2_cell line_ONECUT1.txt,ONECUT1,36880,0.116192906,0.009441315,40.5325435,ENSG00000169856,CUT; Homeodomain
PBM_CISBP_M00967_2.00_Li2017_PHF1_rep1_PHF1.txt,PHF1,41944,0.300493575,0.012900301,47.7148688,ENSG00000112511,CxxC
PBM_CISBP_M01210_2.00_TF_Evolution_11731_CXXC4.txt,CXXC4,40330,0.228064471,0.060847084,47.074276,ENSG00000168772,CxxC
PBM_CISBP_M01911_2.00_Zoo_01_6494_KDM2B.txt,KDM2B,40526,0.638097756,0.011623481,44.8651181,ENSG00000089094,CxxC
PBM_CISBP_M01913_2.00_Zoo_01_3723_DNMT1.txt,DNMT1,40330,0.531970002,0.018012729,45.8621234,ENSG00000130816,CxxC
PBM_CISBP_M01914_2.00_Zoo_01_7371_TET1.txt,TET1,40330,0.622864718,0.008911826,39.6135307,ENSG00000138336,CxxC
PBM_CISBP_M01915_2.00_Zoo_01_6887_KDM2A.txt,KDM2A,40526,0.456985114,0.018066639,43.7391575,ENSG00000173120,CxxC
PBM_CISBP_M01916_2.00_Zoo_01_5577_FBXL19.txt,FBXL19,40526,0.806664898,0.006858643,42.9855379,ENSG00000099364,CxxC
PBM_CISBP_M01912_2.00_Zoo_01_3687_KMT2A.txt,KMT2A,40526,0.642502247,0.01048987,45.1434808,ENSG00000118058,CxxC; AT hook
PBM_CISBP_M01927_2.00_Zoo_01_6491_DMRT3.txt,DMRT3,40526,0.385500108,0.027006243,44.090575,ENSG00000064218,DM
PBM_CISBP_M01928_2.00_Zoo_01_6500_DMRT1.txt,DMRT1,40526,0.573826469,0.018101441,46.6729492,ENSG00000137090,DM
PBM_CISBP_M01930_2.00_Zoo_01_6843_DMRTA2.txt,DMRTA2,40330,0.554838311,0.008218935,41.5445891,ENSG00000142700,DM
PBM_CISBP_M01931_2.00_Zoo_01_6677_DMRT2.txt,DMRT2,40526,0.386244455,0.012876966,46.9587631,ENSG00000173253,DM
PBM_CISBP_M01961_2.00_Zoo_01_6498_E2F2.txt,E2F2,40526,0.25815733,0.013893649,45.3977368,ENSG00000007968,E2F
ChIPseq_ENCFF104VFF_K562_cell line_E2F1.txt,E2F1,22525,0.284497837,0.016705241,35.5252302,ENSG00000101412,E2F
PBM_QBiC_Homo_sapiens_NA_Shen2018_E2F3.txt,E2F3,42350,0.495268096,0.016564593,55.0795734,ENSG00000112242,E2F
PBM_QBiC_Homo_sapiens_NA_Shen2018_E2F4.txt,E2F4,70281,0.724659829,0.010243089,95.2437659,ENSG00000205250,E2F
ChIPseq_ENCFF362JHQ_K562_cell line_TFDP1.txt,TFDP1,22966,0.16411802,0.020481902,22.9299769,ENSG00000198176,E2F
ChIPseq_ENCFF925GLW_K562_cell line_E2F8.txt,E2F8,11411,0.143132946,0.024305583,16.0809973,ENSG00000129173,E2F
ChIPseq_ENCFF831NDQ_K562_cell line_E2F6.txt,E2F6,33734,0.172415674,0.015892587,35.1352451,ENSG00000169016,E2F
ChIPseq_ENCFF340VOQ_HepG2_cell line_TFDP2.txt,TFDP2,22521,0.204790403,0.015094931,24.3066272,ENSG00000114126,E2F
ChIPseq_ENCFF217XUD_HepG2_cell line_GABPB1.txt,GABPB1,42542,0.312017245,0.016167934,45.647545,ENSG00000104064,Ets
PBM_CISBP_M01477_2.00_Wei10_Etv3_ETV3L.txt,ETV3L,41121,0.450931687,0.011345577,54.9752626,ENSG00000253831,Ets
PBM_UniPROBE_EMBO10_deBruijn_ELK1.txt,ELK1,41873,0.630993186,0.011313181,46.919831,ENSG00000126767,Ets
PBM_QBiC_Homo_sapiens_NA_Shen2018_ETS1.txt,ETS1,42350,0.556525389,0.019221619,49.1964477,ENSG00000134954,Ets
PBM_UniPROBE_EMBO10_deBruijn_EHF.txt,EHF,41871,0.609707433,0.006546387,61.3161731,ENSG00000135373,Ets
PBM_UniPROBE_EMBO10_deBruijn_ELF2.txt,ELF2,41873,0.422862103,0.01591253,45.3466878,ENSG00000109381,Ets
PBM_UniPROBE_EMBO10_deBruijn_ELF4.txt,ELF4,41886,0.27114798,0.055584415,50.950541,ENSG00000102034,Ets
PBM_UniPROBE_EMBO10_deBruijn_ELF5.txt,ELF5,41910,0.606264777,0.015722116,50.9266224,ENSG00000135374,Ets
PBM_UniPROBE_EMBO10_deBruijn_ELK3.txt,ELK3,41904,0.739634876,0.010059732,43.1746327,ENSG00000111145,Ets
PBM_UniPROBE_EMBO10_deBruijn_ELK4.txt,ELK4,41904,0.675777997,0.013298983,38.9489425,ENSG00000158711,Ets
PBM_UniPROBE_EMBO10_deBruijn_ERG.txt,ERG,41880,0.696867939,0.00888447,38.7476672,ENSG00000157554,Ets
PBM_UniPROBE_EMBO10_deBruijn_ETV1.txt,ETV1,41868,0.665815053,0.010347897,51.7184656,ENSG00000006468,Ets
PBM_UniPROBE_EMBO10_deBruijn_ETV3.txt,ETV3,41121,0.448981846,0.011384214,49.9318809,ENSG00000117036,Ets
PBM_UniPROBE_EMBO10_deBruijn_ETV4.txt,ETV4,41895,0.684080339,0.014485049,51.463144,ENSG00000175832,Ets
PBM_UniPROBE_EMBO10_deBruijn_ETV5.txt,ETV5,41897,0.690697834,0.009514529,58.6846067,ENSG00000244405,Ets
PBM_UniPROBE_EMBO10_deBruijn_ETV6.txt,ETV6,41915,0.529477061,0.014651996,52.3480607,ENSG00000139083,Ets
PBM_UniPROBE_EMBO10_deBruijn_FLI1.txt,FLI1,41897,0.710169804,0.009595665,50.6988102,ENSG00000151702,Ets
ChIPseq_ENCFF355DNH_liver_tissue_GABPA.txt,GABPA,21061,0.361053649,0.018337402,31.4009515,ENSG00000154727,Ets
PBM_UniPROBE_EMBO10_deBruijn_SPDEF.txt,SPDEF,41918,0.473784192,0.022903387,40.1347515,ENSG00000124664,Ets
PBM_UniPROBE_EMBO10_deBruijn_SPI1.txt,SPI1,41320,0.601085747,0.00977997,40.6847712,ENSG00000066336,Ets
PBM_UniPROBE_EMBO10_deBruijn_SPIC.txt,SPIC,41885,0.275026339,0.01084461,36.1587379,ENSG00000166211,Ets
ChIPseq_ENCFF989DLF_MCF-7_cell line_ELF1.txt,ELF1,20127,0.32185444,0.018584599,26.1436829,ENSG00000120690,Ets
PBM_UniPROBE_EMBO10_deBruijn_ELF3.txt,ELF3,41928,0.521138176,0.007325666,52.4298495,ENSG00000163435,Ets; AT hook
PBM_CISBP_M00164_2.00_Badis09_Foxl1_2809.2=v2_FOXS1.txt,FOXS1,41915,0.360200739,0.022544508,54.7361247,ENSG00000179772,Forkhead
PBM_UniPROBE_MAR16_combinatorial_FOXC1.txt,FOXC1,40464,0.505442982,0.007897757,43.9258841,ENSG00000054598,Forkhead
PBM_CISBP_M00793_2.00_DREAM_contest_1328_FOXP4.txt,FOXP4,40526,0.505105038,0.009931209,54.1325871,ENSG00000137166,Forkhead
PBM_CISBP_M01976_2.00_Zoo_01_1694_FOXP1.txt,FOXP1,40526,0.402988206,0.011276731,47.7039364,ENSG00000114861,Forkhead
PBM_CISBP_M01007_2.00_Nakagawa2013_FOXN2_FOXN2.txt,FOXN2,41942,0.483921838,0.016429141,55.4341409,ENSG00000170802,Forkhead
PBM_CISBP_M01008_2.00_Nakagawa2013_FOXR1_FOXR1.txt,FOXR1,41929,0.437512741,0.011037168,47.8756439,ENSG00000176302,Forkhead
PBM_CISBP_M01011_2.00_Nakagawa2013_Foxn4_FOXN4.txt,FOXN4,41930,0.417320705,0.014619764,49.2790264,ENSG00000139445,Forkhead
PBM_UniPROBE_rep2_combinatorial_FOXN3.txt,FOXN3,41919,0.592422853,0.013753794,46.5752787,ENSG00000053254,Forkhead
PBM_CISBP_M01977_2.00_Zoo_01_2366_FOXK1.txt,FOXK1,40526,0.504556028,0.009135999,47.1534572,ENSG00000164916,Forkhead
PBM_UniPROBE_MAR16_combinatorial_FOXG1.txt,FOXG1,41924,0.564633754,0.012570275,50.8635026,ENSG00000176165,Forkhead
PBM_CISBP_M01983_2.00_Zoo_01_600_FOXB2.txt,FOXB2,40330,0.22997889,0.011618819,41.4419189,ENSG00000204612,Forkhead
PBM_QBiC_Homo_sapiens_NA_Unpublished_FOXO3.txt,FOXO3,42350,0.608455592,0.008390554,59.4711218,ENSG00000118689,Forkhead
PBM_UniPROBE_MAR16_combinatorial_FOXA3.txt,FOXA3,41905,0.527059684,0.008818873,27.9980287,ENSG00000170608,Forkhead
PBM_UniPROBE_LAI20A_combinatorial_anti-GST_FOXN1.txt,FOXN1,41892,0.234484592,0.015535885,36.9310131,ENSG00000109101,Forkhead
PBM_UniPROBE_MAR16_combinatorial_FOXB1.txt,FOXB1,41845,0.144802021,0.009718277,42.6129964,ENSG00000171956,Forkhead
PBM_UniPROBE_MAR16_combinatorial_FOXC2.txt,FOXC2,41047,0.16220116,0.021823861,47.351547,ENSG00000176692,Forkhead
PBM_UniPROBE_MAR16_combinatorial_FOXJ2.txt,FOXJ2,41875,0.376836961,0.019285773,50.4504587,ENSG00000065970,Forkhead
PBM_UniPROBE_MAR16_combinatorial_FOXM1.txt,FOXM1,41831,0.36140713,0.012833896,45.8493716,ENSG00000111206,Forkhead
ChIPseq_ENCFF729FSA_liver_tissue_FOXA1.txt,FOXA1,19786,0.17808201,0.021092441,22.4192249,ENSG00000129514,Forkhead
ChIPseq_ENCFF139CMF_liver_tissue_FOXA2.txt,FOXA2,24724,0.15542784,0.01439348,23.1696795,ENSG00000125798,Forkhead
PBM_UniPROBE_MAR16_combinatorial_DNMT3A.txt,DNMT3A,40734,0.771828747,0.006260425,49.467219,ENSG00000119772,GATA
PBM_QBiC_Homo_sapiens_NA_Unpublished_GATA1.txt,GATA1,34589,0.703461957,0.011909151,55.8649156,ENSG00000102145,GATA
PBM_UniPROBE_LAI20A_combinatorial_anti-GST_GATA4.txt,GATA4,41891,0.336834983,0.010004145,41.5311997,ENSG00000136574,GATA
ChIPseq_ENCFF409YKQ_HepG2_cell line_GATA2.txt,GATA2,22236,0.104097004,0.017320045,26.4918867,ENSG00000179348,GATA
PBM_CISBP_M02020_2.00_Zoo_01_5061_GCM1.txt,GCM1,40330,0.630993064,0.009818306,48.3936495,ENSG00000137270,GCM
PBM_CISBP_M00214_2.00_Badis09_Sox1_2631.2=v2_SOX1.txt,SOX1,41901,0.617308049,0.009890675,54.1931639,ENSG00000182968,HMG/Sox
PBM_CISBP_M01026_2.00_Scharer09_Sox4.8mers_v4_SOX4.txt,SOX4,40278,0.332403573,0.018024027,71.6982472,ENSG00000124766,HMG/Sox
PBM_CISBP_M02487_2.00_Zoo_01_5955_HMG20B.txt,HMG20B,40330,0.601883403,0.0178782,49.0131255,ENSG00000064961,HMG/Sox
PBM_UniPROBE_LAI20A_combinatorial_rep1_SOX2.txt,SOX2,41746,0.627006591,0.009718949,40.9915256,ENSG00000181449,HMG/Sox
PBM_UniPROBE_MAR16_combinatorial_1_SOX3.txt,SOX3,41521,0.665444339,0.009221416,44.7033939,ENSG00000134595,HMG/Sox
PBM_UniPROBE_MAR16_combinatorial_HMGB3.txt,HMGB3,41899,0.686563434,0.006756502,38.1979395,ENSG00000029993,HMG/Sox
ChIPseq_ENCFF810LSF_HepG2_cell line_UBTF.txt,UBTF,37951,0.167145036,0.012645738,33.8023148,ENSG00000108312,HMG/Sox
ChIPseq_ENCFF156UNQ_HepG2_cell line_HMG20A.txt,HMG20A,25833,0.100794892,0.013228528,24.787312,ENSG00000140382,HMG/Sox
ChIPseq_ENCFF726SWQ_HepG2_cell line_TCF7L2.txt,TCF7L2,36726,0.116832341,0.009426845,40.8040133,ENSG00000148737,HMG/Sox
ChIPseq_ENCFF305WWR_HepG2_cell line_HMGXB4.txt,HMGXB4,34983,0.127636234,0.009970416,31.8273344,ENSG00000100281,HMG/Sox
PBM_CISBP_M00264_2.00_Barrera2016_ARX_REF_R1_ARX.txt,ARX,41943,0.791183944,0.003145447,51.2209842,ENSG00000004848,Homeodomain
PBM_CISBP_M00266_2.00_Barrera2016_VSX1_G160D_R1_VSX1.txt,VSX1,41930,0.78180486,0.008716155,56.0823695,ENSG00000100987,Homeodomain
PBM_CISBP_M00274_2.00_Barrera2016_CRX_REF_R1_CRX.txt,CRX,41944,0.727354636,0.007415647,62.7063054,ENSG00000105392,Homeodomain
PBM_CISBP_M00277_2.00_Barrera2016_PBX4_REF_R1_PBX4.txt,PBX4,41904,0.387745501,0.016377745,52.4794718,ENSG00000105717,Homeodomain
PBM_CISBP_M00281_2.00_Barrera2016_PHOX2B_R141Q_R1_PHOX2B.txt,PHOX2B,41936,0.430553558,0.011412129,70.6638309,ENSG00000109132,Homeodomain
PBM_CISBP_M00284_2.00_Barrera2016_VAX2_REF_R2_VAX2.txt,VAX2,41929,0.779685671,0.006225728,51.5440717,ENSG00000116035,Homeodomain
PBM_CISBP_M00287_2.00_Barrera2016_VSX2_REF_R1_VSX2.txt,VSX2,41944,0.86123266,0.006891241,50.161487,ENSG00000119614,Homeodomain
PBM_CISBP_M00290_2.00_Barrera2016_MSX2_REF_R1_MSX2.txt,MSX2,41943,0.747885861,0.024981841,60.3989387,ENSG00000120149,Homeodomain
PBM_CISBP_M00292_2.00_Barrera2016_ESX1_REF_R1_ESX1.txt,ESX1,41943,0.78653162,0.005237269,56.6562013,ENSG00000123576,Homeodomain
PBM_CISBP_M00297_2.00_Barrera2016_HOXD13_Q325R_R2_HOXD13.txt,HOXD13,41927,0.750923459,0.006486931,57.5228238,ENSG00000128714,Homeodomain
PBM_CISBP_M00301_2.00_Barrera2016_NKX2-8_A94T_R1_NKX2-8.txt,NKX2-8,41944,0.681883404,0.0058404,71.5298166,ENSG00000136327,Homeodomain
PBM_CISBP_M02091_2.00_Zoo_01_733_VENTX.txt,VENTX,40526,0.531129361,0.013253125,50.6485007,ENSG00000151650,Homeodomain
PBM_CISBP_M00309_2.00_Barrera2016_HESX1_REF_R1_HESX1.txt,HESX1,41943,0.658399506,0.042729026,46.8122602,ENSG00000163666,Homeodomain
PBM_CISBP_M00313_2.00_Barrera2016_PITX2_REF_R1_PITX2.txt,PITX2,41940,0.630400239,0.007670116,56.7953911,ENSG00000164093,Homeodomain
PBM_CISBP_M00315_2.00_Barrera2016_PROP1_R112Q_R1_PROP1.txt,PROP1,41944,0.782734805,0.007553039,51.6591553,ENSG00000175325,Homeodomain
PBM_CISBP_M00319_2.00_Barrera2016_ISX_REF_R2_ISX.txt,ISX,41932,0.73778398,0.010274503,53.5646844,ENSG00000175329,Homeodomain
PBM_CISBP_M00323_2.00_Barrera2016_NKX2-5_REF_R1_NKX2-5.txt,NKX2-5,41944,0.727358222,0.008700777,54.9455883,ENSG00000183072,Homeodomain
PBM_CISBP_M00326_2.00_Barrera2016_SIX6_REF_R2_SIX6.txt,SIX6,41944,0.665032521,0.00751504,56.7359819,ENSG00000184302,Homeodomain
PBM_CISBP_M00330_2.00_Barrera2016_HOXC4_REF_R1_HOXC4.txt,HOXC4,41944,0.740976156,0.018727198,43.121688,ENSG00000198353,Homeodomain
PBM_CISBP_M00334_2.00_Barrera2016_HOXB7_REF_R2_HOXB7.txt,HOXB7,41944,0.458978887,0.014739913,57.9990866,ENSG00000260027,Homeodomain
PBM_CISBP_M00385_2.00_Berger08_Titf1_1722.2_NKX2-4.txt,NKX2-4,41905,0.491142653,0.014351796,37.7034526,ENSG00000125816,Homeodomain
PBM_CISBP_M00392_2.00_Berger08_Hoxc6_3954.2_HOXC6.txt,HOXC6,41905,0.506805655,0.007922777,48.4711294,ENSG00000197757,Homeodomain
PBM_CISBP_M00416_2.00_Berger08_Irx4_2242.3_IRX4.txt,IRX4,41728,0.556023839,0.008456506,45.7424104,ENSG00000113430,Homeodomain
PBM_CISBP_M00417_2.00_Berger08_Otp_3496.1_OTP.txt,OTP,41930,0.673694604,0.009083483,42.9747602,ENSG00000171540,Homeodomain
PBM_CISBP_M00422_2.00_Berger08_Hoxc5_2630.2_HOXC5.txt,HOXC5,41898,0.48068625,0.003160822,43.0178233,ENSG00000172789,Homeodomain
PBM_CISBP_M00442_2.00_Berger08_Nkx1-1_3856.3_NKX1-1.txt,NKX1-1,41917,0.610550685,0.008694837,56.1782801,ENSG00000235608,Homeodomain
PBM_CISBP_M00451_2.00_Berger08_Dbx1_3486.1_DBX1.txt,DBX1,41912,0.556184068,0.008170638,56.6525949,ENSG00000109851,Homeodomain
PBM_CISBP_M00485_2.00_Berger08_Hlx1_2350.1_HLX.txt,HLX,41893,0.506694576,0.015976537,54.4918302,ENSG00000136630,Homeodomain
PBM_CISBP_M00496_2.00_Berger08_Nkx2-6_3437.1_NKX2-6.txt,NKX2-6,41721,0.587284534,0.017262282,50.1344765,ENSG00000180053,Homeodomain
PBM_CISBP_M00499_2.00_Berger08_Dbx2_3487.1_DBX2.txt,DBX2,41664,0.643665684,0.011211812,55.6419228,ENSG00000185610,Homeodomain
PBM_CISBP_M00503_2.00_Berger08_Nkx1-2_3214.1_NKX1-2.txt,NKX1-2,41855,0.631395148,0.007981138,58.3002021,ENSG00000229544,Homeodomain
PBM_CISBP_M01246_2.00_TF_Evolution_11950_HDX.txt,HDX,40330,0.446597171,0.007047784,44.5423463,ENSG00000165259,Homeodomain
PBM_CISBP_M01247_2.00_TF_Evolution_11787_DUXA.txt,DUXA,40330,0.351107412,0.012413789,48.495357,ENSG00000258873,Homeodomain
PBM_CISBP_M01503_2.00_Yin2017b_DLX3_5mCG_DLX3.txt,DLX3,40330,0.714321729,0.00461439,47.8606817,ENSG00000064195,Homeodomain
PBM_CISBP_M01505_2.00_Yin2017b_LHX9_5mCG_LHX9.txt,LHX9,40330,0.749987505,0.006598603,52.3624265,ENSG00000143355,Homeodomain
PBM_CISBP_M02083_2.00_Zoo_01_2320_HOXA2.txt,HOXA2,40330,0.395994042,0.016975543,43.7804236,ENSG00000105996,Homeodomain
PBM_CISBP_M02084_2.00_Zoo_01_3113_NOBOX.txt,NOBOX,40330,0.705482286,0.007131651,40.9839338,ENSG00000106410,Homeodomain
PBM_CISBP_M02085_2.00_Zoo_01_1899_LHX2.txt,LHX2,40330,0.404358718,0.019994798,41.9732661,ENSG00000106689,Homeodomain
PBM_CISBP_M02086_2.00_Zoo_01_2969_LHX6.txt,LHX6,40526,0.773124403,0.014037095,45.7921023,ENSG00000106852,Homeodomain
PBM_CISBP_M02087_2.00_Zoo_01_3489_TLX2.txt,TLX2,40330,0.456108743,0.019707173,42.2056938,ENSG00000115297,Homeodomain
PBM_CISBP_M02088_2.00_Zoo_01_1859_EMX1.txt,EMX1,40330,0.621209702,0.025624333,53.3674523,ENSG00000135638,Homeodomain
PBM_CISBP_M02089_2.00_Zoo_01_1492_ZFHX2.txt,ZFHX2,40526,0.758054509,0.011173306,52.00756,ENSG00000136367,Homeodomain
PBM_CISBP_M02090_2.00_Zoo_01_2796_LBX1.txt,LBX1,40526,0.536302674,0.008092308,50.2154322,ENSG00000138136,Homeodomain
PBM_CISBP_M02092_2.00_Zoo_01_2036_HOXB13.txt,HOXB13,40526,0.582841419,0.008627694,59.5672769,ENSG00000159184,Homeodomain
PBM_CISBP_M02093_2.00_Zoo_01_2026_ZHX1.txt,ZHX1,40330,0.35319555,0.012856422,57.0307839,ENSG00000165156,Homeodomain
PBM_CISBP_M02095_2.00_Zoo_01_2013_SHOX.txt,SHOX,40330,0.673197491,0.015837967,51.4212762,ENSG00000185960,Homeodomain
PBM_CISBP_M02096_2.00_Zoo_01_2337_ANHX.txt,ANHX,40330,0.779187919,0.007972903,46.8488077,ENSG00000227059,Homeodomain
PBM_CISBP_M02097_2.00_Zoo_01_2739_SEBOX.txt,SEBOX,40526,0.304112417,0.013928714,50.5154902,ENSG00000274529,Homeodomain
PBM_CISBP_M02184_2.00_Zoo_01_2815_HHEX.txt,HHEX,40526,0.681967319,0.007841029,47.6403106,ENSG00000152804,Homeodomain
ChIPseq_ENCFF006LDU_HepG2_cell line_ZHX2.txt,ZHX2,10677,0.153897542,0.046149846,13.2952658,ENSG00000178764,Homeodomain
ChIPseq_ENCFF946JFA_GM12878_cell line_PKNOX1.txt,PKNOX1,34186,0.15240401,0.017869563,54.4058726,ENSG00000160199,Homeodomain
ChIPseq_ENCFF700GPU_HepG2_cell line_PBX2.txt,PBX2,6456,0.134549062,0.061505416,13.267462,ENSG00000204304,Homeodomain
ChIPseq_ENCFF359ZQQ_K562_cell line_DMBX1.txt,DMBX1,19370,0.111088671,0.016814374,21.2739111,ENSG00000197587,Homeodomain
ChIPseq_ENCFF868TYP_A549_cell line_SIX5.txt,SIX5,8319,0.129660732,0.056252207,13.7921506,ENSG00000177045,Homeodomain
ChIPseq_ENCFF402DQD_GM12878_cell line_PBX3.txt,PBX3,12587,0.148336817,0.021601253,17.1130564,ENSG00000167081,Homeodomain
ChIPseq_ENCFF753OCA_HepG2_cell line_HOXA3.txt,HOXA3,40285,0.143683598,0.01569772,36.1821154,ENSG00000105997,Homeodomain
ChIPseq_ENCFF992LDJ_A549_cell line_PBX1.txt,PBX1,15541,0.182112377,0.01967717,20.9782798,ENSG00000185630,Homeodomain
PBM_UniPROBE_MAR16_combinatorial_MSX3.txt,MSX3,41914,0.776878005,0.005911626,46.2289591,Unknown,Homeodomain
ChIPseq_ENCFF825TUP_HepG2_cell line_PAXIP1.txt,PAXIP1,54082,0.109788356,0.013353112,52.56451,ENSG00000157212,Homeodomain; Paired box
PBM_CISBP_M00337_2.00_Barrera2016_PAX6_P118R_R1_PAX6.txt,PAX6,41944,0.70139309,0.00789981,47.3079731,ENSG00000007372,Homeodomain; Paired box
PBM_CISBP_M00345_2.00_Barrera2016_PAX7_P112L_R1_PAX7.txt,PAX7,41944,0.161981624,0.017203264,48.0323078,ENSG00000009709,Homeodomain; Paired box
PBM_CISBP_M00351_2.00_Barrera2016_PAX4_REF_R3_PAX4.txt,PAX4,41942,0.664294573,0.020206773,48.5171744,ENSG00000106331,Homeodomain; Paired box
PBM_CISBP_M00358_2.00_Barrera2016_PAX3_REF_R1_PAX3.txt,PAX3,41655,0.661322792,0.00572896,49.2366226,ENSG00000135903,Homeodomain; Paired box
PBM_CISBP_M00361_2.00_Barrera2016_POU4F3_REF_R1_POU4F3.txt,POU4F3,41943,0.71825711,0.012383563,50.9183002,ENSG00000091010,Homeodomain; POU
PBM_CISBP_M00363_2.00_Barrera2016_POU6F2_REF_R1_POU6F2.txt,POU6F2,41944,0.467764362,0.009493434,55.3762995,ENSG00000106536,Homeodomain; POU
PBM_CISBP_M00366_2.00_Barrera2016_POU3F4_REF_R1_POU3F4.txt,POU3F4,41944,0.493264964,0.004883997,46.091418,ENSG00000196767,Homeodomain; POU
PBM_CISBP_M00377_2.00_Berger06_Oct-1_v2_POU2F1.txt,POU2F1,40330,0.499217705,0.020718687,44.3821618,ENSG00000143190,Homeodomain; POU
PBM_CISBP_M01509_2.00_Yin2017b_POU5F1_5mCG_POU5F1B.txt,POU5F1B,40330,0.334225123,0.009158073,44.897337,ENSG00000212993,Homeodomain; POU
PBM_CISBP_M02094_2.00_Zoo_01_3515_POU6F1.txt,POU6F1,40330,0.321214034,0.014712884,48.4266408,ENSG00000184271,Homeodomain; POU
PBM_UniPROBE_LAI20A_combinatorial_1A4_POU5F1.txt,POU5F1,41936,0.467069646,0.010944481,51.0941635,ENSG00000204531,Homeodomain; POU
PBM_UniPROBE_MAR16_combinatorial_POU3F2.txt,POU3F2,41556,0.54741859,0.016089717,34.4389644,ENSG00000184486,Homeodomain; POU
PBM_UniPROBE_MAR16_combinatorial_POU4F1.txt,POU4F1,41742,0.470809172,0.012152027,37.9356475,ENSG00000152192,Homeodomain; POU
PBM_UniPROBE_MAR16_combinatorial_IRF2.txt,IRF2,41541,0.290820317,0.012970715,38.9148183,ENSG00000168310,IRF
ChIPseq_ENCFF123EUU_K562_cell line_IRF1.txt,IRF1,14180,0.165135226,0.030707465,13.634952,ENSG00000125347,IRF
ChIPseq_ENCFF113VGD_GM12878_cell line_IRF4.txt,IRF4,23043,0.105559827,0.019755618,22.0969542,ENSG00000137265,IRF
PBM_CISBP_M01259_2.00_TF_Evolution_11781_MSANTD3.txt,MSANTD3,40526,0.147015437,0.024818253,49.3851356,ENSG00000066697,MADF
PBM_CISBP_M01260_2.00_TF_Evolution_8334_NAIF1.txt,NAIF1,40526,0.73799388,0.008172701,49.1600663,ENSG00000171169,MADF
ChIPseq_ENCFF087EVW_K562_cell line_SRF.txt,SRF,15466,0.195060385,0.029003661,17.45108,ENSG00000112658,MADS box
PBM_UniPROBE_MAR16_combinatorial_DNAJC21.txt,DNAJC21,40501,0.248426658,0.015704441,50.4875624,ENSG00000168724,Myb/SANT
PBM_CISBP_M00808_2.00_DREAM_contest_1411_MYPOP.txt,MYPOP,40330,0.509389774,0.008017703,59.0484445,ENSG00000176182,Myb/SANT
PBM_CISBP_M01272_2.00_TF_Evolution_11897_ZZZ3.txt,ZZZ3,40330,0.314340101,0.036348073,47.1146079,ENSG00000036549,Myb/SANT
PBM_CISBP_M02323_2.00_Zoo_01_5770_TERF2.txt,TERF2,40330,0.278259133,0.020244994,48.6303881,ENSG00000132604,Myb/SANT
PBM_UniPROBE_MAR16_combinatorial_MYBL2.txt,MYBL2,40609,0.330966096,0.016973675,76.7019065,ENSG00000101057,Myb/SANT
PBM_UniPROBE_MAR16_combinatorial_CRAMP1L.txt,CRAMP1L,41686,0.248586024,0.008400873,45.7757683,ENSG00000226890,Myb/SANT
ChIPseq_ENCFF117XRE_K562_cell line_ZMYM3.txt,ZMYM3,40933,0.14389464,0.010733168,40.3307777,ENSG00000147130,MYM-type ZF
PBM_CISBP_M02385_2.00_Zoo_01_7042_MYRF.txt,MYRF,40526,0.440439647,0.012140409,48.7882637,ENSG00000124920,Ndt80/PhoG
PBM_CISBP_M00368_2.00_Barrera2016_NR1H4_REF_R1_NR1H4.txt,NR1H4,41944,0.682719495,0.014537886,40.6145789,ENSG00000012504,Nuclear receptor
PBM_CISBP_M00373_2.00_Barrera2016_NR2E3_REF_R1_NR2E3.txt,NR2E3,41943,0.234606412,0.01126239,59.312039,ENSG00000278570,Nuclear receptor
PBM_CISBP_M00818_2.00_DREAM_contest_1261_NR4A3.txt,NR4A3,40526,0.43525373,0.013819096,60.4944728,ENSG00000119508,Nuclear receptor
PBM_CISBP_M02394_2.00_Zoo_01_2757_NR2E1.txt,NR2E1,40330,0.587342223,0.013580495,47.160263,ENSG00000112333,Nuclear receptor
PBM_CISBP_M02395_2.00_Zoo_01_2329_NR3C2.txt,NR3C2,40330,0.490948899,0.017034047,47.5078773,ENSG00000151623,Nuclear receptor
PBM_CISBP_M02396_2.00_Zoo_01_3206_NR2F6.txt,NR2F6,40526,0.502551568,0.017576643,48.2501575,ENSG00000160113,Nuclear receptor
PBM_CISBP_M02397_2.00_Zoo_01_482_RARG.txt,RARG,40526,0.552038104,0.015864755,49.3030639,ENSG00000172819,Nuclear receptor
PBM_UniPROBE_LAI20A_combinatorial_anti-GST_ESR1.txt,ESR1,41913,0.546912714,0.012761324,51.0359935,ENSG00000091831,Nuclear receptor
PBM_UniPROBE_LAI20A_combinatorial_anti-GST_HNF4A.txt,HNF4A,41549,0.391222266,0.01771082,55.9291081,ENSG00000101076,Nuclear receptor
PBM_UniPROBE_MAR16_combinatorial_2_NR5A1.txt,NR5A1,40771,0.304068856,0.022462385,46.920869,ENSG00000136931,Nuclear receptor
PBM_UniPROBE_MAR16_combinatorial_2_PPARG.txt,PPARG,40435,0.216376291,0.013676962,52.1246975,ENSG00000132170,Nuclear receptor
PBM_UniPROBE_MAR16_combinatorial_AR.txt,AR,41781,0.263448466,0.028527561,43.9790861,ENSG00000169083,Nuclear receptor
PBM_UniPROBE_MAR16_combinatorial_ESRRB.txt,ESRRB,38374,0.233079007,0.014919155,37.9297711,ENSG00000119715,Nuclear receptor
PBM_UniPROBE_MAR16_combinatorial_NR2F1.txt,NR2F1,41721,0.434512915,0.020195235,38.6068905,ENSG00000175745,Nuclear receptor
PBM_UniPROBE_MAR16_combinatorial_PGR.txt,PGR,41655,0.141553017,0.013179572,38.5182964,ENSG00000082175,Nuclear receptor
PBM_UniPROBE_MAR16_combinatorial_RARB.txt,RARB,40835,0.412799086,0.013111645,38.7517256,ENSG00000077092,Nuclear receptor
PBM_UniPROBE_MAR16_combinatorial_RXRB.txt,RXRB,40213,0.523521654,0.022056364,35.9100396,ENSG00000204231,Nuclear receptor
PBM_UniPROBE_MAR16_combinatorial_RXRG.txt,RXRG,41708,0.356916209,0.025387109,37.9853699,ENSG00000143171,Nuclear receptor
ChIPseq_ENCFF042QSE_HepG2_cell line_NR2C2.txt,NR2C2,31055,0.146437505,0.025175289,33.8120523,ENSG00000177463,Nuclear receptor
ChIPseq_ENCFF976GVH_liver_tissue_HNF4G.txt,HNF4G,22104,0.138729893,0.01756913,24.4433937,ENSG00000164749,Nuclear receptor
ChIPseq_ENCFF469ZBB_K562_cell line_NR2C1.txt,NR2C1,15072,0.156634599,0.023627419,26.6539232,ENSG00000120798,Nuclear receptor
ChIPseq_ENCFF804MKP_HepG2_cell line_NR2F2.txt,NR2F2,18142,0.124658093,0.015052094,20.1550109,ENSG00000185551,Nuclear receptor
PBM_CISBP_M01304_2.00_TF_Evolution_11764_LCORL.txt,LCORL,40330,0.42047079,0.015809389,45.9651759,ENSG00000178177,Pipsqueak
PBM_CISBP_M02433_2.00_Zoo_01_5864_LCOR.txt,LCOR,40330,0.806590822,0.005976018,53.5167165,ENSG00000196233,Pipsqueak
PBM_CISBP_M01306_2.00_TF_Evolution_11022_NFATC4.txt,NFATC4,40330,0.144285893,0.025385529,51.5662004,ENSG00000100968,Rel
PBM_CISBP_M01511_2.00_Yin2017b_NFATC2_5mCG_NFATC2.txt,NFATC2,40330,0.646019269,0.013685067,47.3201995,ENSG00000101096,Rel
PBM_CISBP_M02440_2.00_Zoo_01_7696_NFATC3.txt,NFATC3,40330,0.658809053,0.020294145,49.0343043,ENSG00000072736,Rel
PBM_CISBP_M02449_2.00_Zoo_01_6497_RFX2.txt,RFX2,40526,0.296801472,0.016186922,51.4725884,ENSG00000087903,RFX
PBM_CISBP_M02454_2.00_Zoo_01_6792_RFX8.txt,RFX8,40330,0.363401437,0.015269285,54.5129518,ENSG00000196460,RFX
ChIPseq_ENCFF160KCP_MCF-7_cell line_RFX1.txt,RFX1,15026,0.334244583,0.022283325,28.2500534,ENSG00000132005,RFX
ChIPseq_ENCFF765QVM_SK-N-SH_cell line_RFX5.txt,RFX5,8528,0.113014885,0.034583009,13.8878948,ENSG00000143390,RFX
ChIPseq_ENCFF164JZB_HepG2_cell line_RFX3.txt,RFX3,5766,0.238923816,0.034788885,10.5303082,ENSG00000080298,RFX
PBM_QBiC_Homo_sapiens_NA_Shen2018_RUNX1.txt,RUNX1,42350,0.715950131,0.006574765,25.9700711,ENSG00000159216,Runt
PBM_QBiC_Homo_sapiens_NA_Shen2018_RUNX2.txt,RUNX2,42350,0.662351232,0.014702494,59.6549059,ENSG00000124813,Runt
ChIPseq_ENCFF346JDW_GM12878_cell line_RUNX3.txt,RUNX3,70592,0.116382103,0.00639573,62.9833733,ENSG00000020633,Runt
PBM_CISBP_M02460_2.00_Zoo_01_6922_GMEB1.txt,GMEB1,40330,0.772313114,0.007212482,50.4230502,ENSG00000162419,SAND
ChIPseq_ENCFF378GRS_HepG2_cell line_GMEB2.txt,GMEB2,5582,0.153849677,0.054999066,10.9186545,ENSG00000101216,SAND
ChIPseq_ENCFF079JBB_MCF-7_cell line_NFIB.txt,NFIB,16994,0.334915743,0.018945679,22.6558811,ENSG00000147862,SMAD
ChIPseq_ENCFF169MAE_K562_cell line_NFIC.txt,NFIC,51804,0.120492302,0.014803986,57.988235,ENSG00000141905,SMAD
ChIPseq_ENCFF971YTJ_K562_cell line_SMAD5.txt,SMAD5,21973,0.102357973,0.015443,18.4490917,ENSG00000113658,SMAD
ChIPseq_ENCFF726LLI_K562_cell line_NFIX.txt,NFIX,5615,0.183473412,0.03308078,10.2858969,ENSG00000008441,SMAD
PBM_CISBP_M00832_2.00_DREAM_contest_1462_TBX10.txt,TBX10,40330,0.263956385,0.037241118,38.6920292,ENSG00000167800,T-box
PBM_UniPROBE_MAR16_combinatorial_TBR1.txt,TBR1,41849,0.229461165,0.02731044,39.2602639,ENSG00000136535,T-box
PBM_UniPROBE_MAR16_combinatorial_TBX2.txt,TBX2,40441,0.373859235,0.027600472,44.2356941,ENSG00000121068,T-box
PBM_UniPROBE_MAR16_combinatorial_TBX20.txt,TBX20,41240,0.173373204,0.028767175,56.6547188,ENSG00000164532,T-box
PBM_UniPROBE_MAR16_combinatorial_TBX4.txt,TBX4,41507,0.459700518,0.012469364,43.5588465,ENSG00000121075,T-box
PBM_UniPROBE_MAR16_combinatorial_TBX5.txt,TBX5,41490,0.591262172,0.013718678,41.6889342,ENSG00000089225,T-box
ChIPseq_ENCFF524ZER_K562_cell line_MGA.txt,MGA,33583,0.136489826,0.005849337,36.6482329,ENSG00000174197,T-box
PBM_CISBP_M00216_2.00_Badis09_Tbp_pr781.1=v1_TBPL2.txt,TBPL2,41903,0.64550536,0.006703132,53.4597288,ENSG00000182521,TBP
PBM_QBiC_Homo_sapiens_NA_Unpublished_TBP.txt,TBP,41785,0.741301803,0.006033858,60.3962733,ENSG00000112592,TBP
PBM_CISBP_M02527_2.00_Zoo_01_5851_LIN54.txt,LIN54,40330,0.64407921,0.029363649,45.8222272,ENSG00000189308,TCR/CxC
ChIPseq_ENCFF766VUQ_A549_cell line_TEAD4.txt,TEAD4,14333,0.17350742,0.025287622,17.5421427,ENSG00000197905,TEA
ChIPseq_ENCFF128AZO_HepG2_cell line_TEAD1.txt,TEAD1,35097,0.111859396,0.014944978,29.3752278,ENSG00000187079,TEA
ChIPseq_ENCFF314CDT_HepG2_cell line_TEAD3.txt,TEAD3,45746,0.126638275,0.009948715,35.9891005,ENSG00000007866,TEA
ChIPseq_ENCFF889SYG_HepG2_cell line_THAP11.txt,THAP11,37315,0.250497127,0.01182427,32.9017066,ENSG00000168286,THAP finger
ChIPseq_ENCFF029ZNV_neural cell_in vitro differentiated cells_EP300.txt,EP300,46645,0.135997052,0.014716507,48.6828298,ENSG00000100393,Unknown
ChIPseq_ENCFF846CPP_MCF-7_cell line_BMI1.txt,BMI1,9391,0.269990759,0.035481108,17.0788542,ENSG00000168283,Unknown
ChIPseq_ENCFF674XTY_K562_cell line_AFF1.txt,AFF1,9039,0.16096512,0.066181549,28.2376923,ENSG00000172493,Unknown
ChIPseq_ENCFF238QAG_MCF-7_cell line_TRIM22.txt,TRIM22,27071,0.182603384,0.008669995,22.8116132,ENSG00000132274,Unknown
ChIPseq_ENCFF815SBJ_HepG2_cell line_DRAP1.txt,DRAP1,25633,0.111915613,0.017719484,28.757154,ENSG00000175550,Unknown
PBM_UniPROBE_deBruijn_GCN4.txt,GCN4,41902,0.272618819,0.038352129,34.6392988,Unknown,Unknown
PBM_UniPROBE_MAR16_combinatorial_LOC100168299.txt,LOC100168299,41700,0.605950288,0.014956809,36.124804,Unknown,Unknown
PBM_UniPROBE_MAR16_combinatorial_pTH5119_3_RETN.txt,RETN,41686,0.736985628,0.008334267,45.772799,ENSG00000104918,Unknown
PBM_UniPROBE_MAR16_combinatorial_TCFEC.txt,TCFEC,41356,0.23704353,0.012986857,24.8289971,ENSG00000105967,Unknown
